9
47
61
82
85
138
150
164
175
208
304
310
347
373
425
528
551
574
587
595
639
653
689
695
726
751
763
789
818
895
940
959
964
973
983
994
1009
1087
1111
1114
1146
1162
1188
1191
1197
1235
1258
1305
1372
1376
1420
1512
1550
1558
1579
1597
1612
1629
1636
1674
1738
1796
1864
1873
1883
1891
1900
1938
1950
1955
1980
1981
1985
1995
2000
2023
2046
2082
2110
2158
2162
2192
2211
2212
2218
2219
2257
2260
2281
2291
2318
2321
2322
2336
2345
2348
2359
2393
2407
2480
2519
2527
2528
2561
2576
2600
2633
2692
2731
2734
2763
2776
2780
2829
2839
2905
2949
2954
3011
3028
3051
3065
3085
3115
3134
3152
3189
3198
3200
3215
3216
3244
3288
3333
3371
3390
3431
3471
3489
3493
3529
3579
3617
3626
3629
3631
3700
3721
3738
3740
3793
3804
3811
3812
3851
3870
3888
3902
3928
3931
3932
3942
3953
3967
4025
4060
4084
4125
4126
4138
4155
4161
4217
4242
4297
4340
4355
4371
4373
4411
4416
4431
4437
4440
4458
4462
4482
4490
4496
4503
4511
4554
4594
4597
4599
4649
4669
4694
4701
4706
4710
4722
4793
4867
4881
4899
4913
4916
4930
4934
4953
5006
5026
5037
5058
5064
5081
5091
5116
5173
5212
5213
5246
5253
5261
5309
5322
5354
5357
5399
5412
5432
5448
5450
5462
5472
5486
5490
5593
5614
5664
5722
5739
5743
5754
5851
5877
5889
5900
5932
5957
5985
5992
6005
6083
6108
6125
6152
6210
6239
6247
6264
6295
6312
6318
6330
6332
6355
6359
6371
6430
6445
6454
6471
6473
6474
6483
6492
6504
6521
6542
6575
6605
6633
6658
6677
6689
6710
6714
6737
6761
6910
6941
6961
6965
6966
6967
6970
6977
6985
7084
7103
7110
7111
7121
7122
7186
7257
7285
7300
7342
7370
7382
7385
7404
7425
7552
7579
7597
7604
7620
7625
7644
7649
7660
7669
7701
7727
7746
7792
7804
7819
7822
7907
7935
7937
7945
7970
7993
8025
8027
8034
8057
8077
8092
8094
8103
8164
8197
8212
8216
8257
8272
8350
8369
8379
8413
8427
8433
8467
8471
8483
8484
8519
8525
8567
8575
8602
8605
8615
8648
8669
8730
8743
8768
8787
8813
8859
8922
8931
8942
8959
8965
8974
8988
9001
9008
9088
9097
9109
9153
9170
9184
9211
9269
9270
9272
9317
9327
9332
9342
9390
9411
9425
9452
9460
9465
9524
9539
9565
9603
9611
9629
9666
9678
9689
9693
9699
9737
9741
9756
9797
9834
9848
9872
9918
9936
9963
10012
10030
10049
10055
10109
10172
10186
10201
10226
10230
10237
10245
10251
10264
10303
10313
10338
10343
10346
10361
10375
10385
10430
10533
10547
10590
10598
10718
10723
10783
10865
10875
10886
10934
10953
10982
11000
11007
11018
11061
11085
11097
11163
11182
11199
11210
11211
11221
11229
11254
11285
11288
11324
11327
11332
11397
11434
11436
11469
11470
11477
11511
11553
11568
11586
11593
11607
11611
11649
11687
11707
11712
11722
11728
11780
11810
11860
11883
11893
11906
11978
11995
12066
12089
12213
12215
12225
12239
12258
12289
12301
12325
12366
12377
12438
12498
12533
12540
12556
12571
12572
12640
12647
12660
12714
12716
12723
12726
12728
12735
12749
12800
12835
12856
12866
12945
12946
12990
12996
12998
13029
13036
13050
13073
13080
13098
13137
13169
13186
13205
13206
13213
13254
13262
13265
13280
13286
13323
13326
13332
13385
13386
13438
13445
13470
13478
13480
13531
13551
13565
13579
13587
13623
13650
13657
13664
13732
13778
13827
13913
13916
13971
13977
13990
14007
14031
14034
14063
14086
14108
14148
14185
14203
14238
14241
14253
14319
14345
14352
14364
14408
14484
14498
14516
14530
14547
14575
14585
14602
14605
14622
14623
14633
14648
14655
14754
14792
14795
14797
14848
14854
14881
14895
14905
14915
14947
14964
15043
15047
15066
15067
15087
15123
15148
15184
15202
15236
15241
15248
15268
15289
15298
15306
15333
15352
15390
15411
15412
15469
15487
15553
15565
15637
15653
15667
15682
15710
15751
15762
15787
15788
15793
15807
15855
15893
15925
15972
15977
15988
15994
16010
16039
16045
16095
16153
16209
16271
16290
16294
16304
16329
16354
16456
16462
16471
16488
16534
16582
16585
16591
16597
16599
16631
16722
16735
16747
16767
16851
16882
16887
16932
16938
16940
16963
16989
16999
17001
17010
17026
17087
17092
17117
17176
17177
17197
17223
17237
17273
17298
17322
17323
17325
17346
17347
17367
17368
17404
17461
17462
17503
17508
17521
17546
17556
17650
17672
17686
17729
17738
17743
17768
17774
17800
17827
17833
17863
17866
17871
17898
17922
17946
17973
18026
18076
18121
18138
18142
18158
18185
18235
18279
18329
18348
18397
18462
18486
18504
18527
18548
18552
18557
18568
18571
18599
18619
18630
18632
18667
18683
18687
18712
18732
18757
18777
18784
18827
18849
18865
18867
18878
18900
18909
18921
18931
18946
18964
18983
19015
19022
19044
19046
19068
19083
19117
19147
19212
19213
19214
19250
19254
19255
19257
19262
19298
19336
19344
19364
19379
19397
19482
19507
19540
19546
19647
19663
19736
19768
19837
19908
19980
20014
20019
20020
20046
20092
20126
20207
20218
20228
20253
20290
20352
20369
20391
20448
20476
20479
20485
20515
20546
20601
20634
20639
20674
20717
20743
20754
20761
20764
20807
20967
21012
21061
21090
21100
21137
21146
21156
21163
21199
21229
21246
21260
21269
21277
21311
21332
21365
21394
21429
21494
21515
21538
21544
21553
21602
21605
21606
21607
21626
21642
21656
21724
21745
21753
21765
21786
21797
21805
21806
21807
21814
21847
21906
21934
21959
21976
22009
22031
22043
22118
22156
22157
22189
22203
22228
22249
22265
22291
22310
22320
22338
22352
22397
22450
22481
22484
22487
22488
22536
22601
22609
22615
22630
22658
22697
22704
22731
22739
22749
22755
22763
22771
22773
22892
22902
22917
22933
22989
23000
23018
23076
23093
23105
23110
23114
23156
23160
23162
23168
23221
23222
23241
23261
23380
23441
23443
23480
23500
23521
23524
23559
23611
23627
23727
23761
23764
23784
23797
23858
23882
23890
23898
23904
23928
23936
23984
23998
24008
24013
24024
24025
24041
24078
24079
24101
24108
24109
24164
24175
24180
24214
24234
24237
24253
24279
24311
24337
24344
24349
24373
24376
24378
24380
24420
24421
24424
24443
24449
24450
24460
24466
24470
24495
24533
24555
24583
24606
24634
24645
24711
24716
24729
24736
24764
24776
24788
24822
24910
24914
24917
24969
25021
25023
25050
25095
25109
25145
25171
25185
25201
25202
25259
25324
25345
25354
25394
25406
25467
25469
25545
25547
25559
25598
25619
25622
25636
25681
25684
25733
25787
25805
25851
25884
25891
25907
25929
25974
26065
26078
26115
26117
26141
26163
26181
26182
26187
26199
26218
26230
26372
26373
26382
26406
26440
26446
26453
26473
26486
26507
26514
26530
26535
26537
26566
26567
26586
26597
26606
26624
26645
26657
26663
26671
26712
26759
26775
26777
26787
26840
26847
26857
26866
26930
26932
26934
26955
26988
26999
27006
27013
27078
27079
27137
27196
27205
27225
27240
27291
27323
27359
27377
27392
27437
27495
27548
27600
27627
27671
27808
27818
27866
27937
27963
27967
27999
28014
28022
28023
28052
28090
28113
28116
28121
28123
28181
28230
28258
28260
28278
28351
28393
28398
28419
28476
28499
28524
28539
28577
28603
28639
28641
28651
28691
28696
28723
28740
28766
28776
28777
28790
28833
28876
28905
28919
28952
28960
28965
28971
28997
29022
29066
29115
29255
29331
29419
29426
29433
29435
29454
29464
29504
29509
29517
29527
29550
29584
29586
29592
29600
29616
29621
29629
29651
29656
29675
29720
29735
29743
29757
29762
29823
29838
29844
29848
29864
29877
29878
29890
29907
29929
29955
29968
29972
29991
29996
30015
30033
30039
30073
30131
30155
30157
30163
30183
30197
30201
30222
30225
30226
30230
30239
30291
30300
30331
30332
30409
30412
30453
30455
30456
30480
30485
30486
30497
30520
30550
30577
30586
30609
30612
30643
30660
30674
30687
30715
30739
30822
30862
30891
30922
30968
31012
31015
31035
31040
31043
31070
31128
31134
31135
31154
31166
31198
31255
31261
31288
31295
31305
31308
31335
31341
31353
31369
31443
31515
31531
31638
31662
31693
31700
31715
31724
31744
31769
31788
31809
31829
31858
31872
31883
31899
31934
31955
32012
32048
32053
32054
32060
32076
32126
32131
32138
32146
32152
32154
32177
32181
32188
32212
32219
32244
32259
32302
32331
32335
32357
32373
32386
32387
32391
32439
32467
32492
32532
32566
32572
32586
32603
32606
32619
32635
32656
32687
32694
32703
32746
32748
32773
32802
32822
32824
32887
32919
32949
32953
33022
33086
33176
33179
33216
33224
33235
33256
33260
33281
33303
33307
33318
33408
33538
33626
33660
33678
33686
33692
33699
33714
33740
33741
33756
33771
33794
33856
33935
33957
33994
34009
34031
34051
34081
34090
34113
34117
34182
34200
34251
34257
34282
34290
34336
34380
34431
34438
34462
34472
34483
34595
34615
34675
34756
34802
34803
34806
34822
34840
34859
34863
34876
34889
34905
34929
34954
34966
34976
35014
35025
35053
35060
35076
35080
35115
35198
35220
35256
35317
35409
35412
35413
35427
35432
35442
35555
35562
35569
35627
35654
35658
35700
35702
35710
35716
35750
35766
35807
35833
35911
35921
35931
35936
35939
35940
35942
35955
35958
35965
35991
36032
36064
36067
36098
36111
36160
36172
36209
36224
36236
36241
36305
36307
36323
36332
36338
36360
36376
36447
36454
36474
36493
36516
36537
36605
36634
36650
36721
36723
36742
36760
36762
36805
36810
36865
36873
36884
36896
36901
36919
36941
36960
36987
37085
37189
37221
37265
37301
37375
37383
37384
37438
37464
37465
37473
37514
37533
37595
37624
37645
37666
37691
37742
37759
37773
37788
37831
37839
37854
37873
37904
37921
37963
37984
38023
38051
38065
38067
38106
38109
38130
38215
38222
38272
38276
38344
38363
38367
38391
38423
38426
38456
38461
38523
38549
38569
38590
38634
38637
38643
38721
38724
38726
38746
38763
38815
38938
38977
39001
39089
39116
39166
39168
39180
39218
39239
39241
39247
39292
39298
39346
39356
39362
39393
39397
39403
39409
39410
39418
39455
39493
39507
39571
39607
39685
39723
39742
39796
39799
39803
39834
39842
39849
39882
39910
39917
39939
39978
39996
40000
40031
40044
40059
40067
40081
40103
40140
40237
40250
40286
40316
40336
40370
40378
40399
40415
40418
40534
40544
40549
40592
40608
40668
40791
40814
40828
40843
40854
40858
40861
40865
40908
40937
40948
40973
40985
41006
41071
41104
41117
41142
41212
41213
41226
41251
41271
41280
41317
41341
41362
41375
41436
41449
41451
41468
41490
41582
41606
41613
41674
41682
41688
41753
41758
41775
41781
41816
41834
41867
41871
41895
41915
41976
42018
42049
42053
42059
42074
42113
42115
42120
42124
42162
42171
42172
42183
42239
42254
42276
42339
42343
42345
42355
42371
42420
42428
42434
42443
42454
42465
42488
42520
42525
42527
42538
42539
42575
42599
42622
42658
42673
42712
42755
42773
42778
42784
42796
42808
42831
42844
42881
42893
42969
42983
42988
42992
42996
42997
43032
43040
43061
43108
43173
43174
43180
43190
43350
43353
43388
43395
43426
43431
43450
43463
43522
43561
43632
43649
43657
43679
43681
43701
43767
43776
43793
43860
43902
43923
43940
43984
43992
44005
44013
44054
44122
44148
44261
44280
44324
44331
44339
44363
44408
44435
44467
44493
44511
44517
44539
44548
44584
44603
44606
44625
44671
44683
44737
44745
44799
44861
44887
44936
44944
44992
45021
45180
45205
45246
45281
45360
45376
45433
45459
45467
45471
45508
45518
45549
45555
45581
45623
45657
45665
45716
45751
45774
45802
45841
45863
45867
45872
45880
45884
45974
46035
46037
46055
46056
46064
46081
46122
46160
46164
46177
46191
46224
46232
46242
46246
46249
46315
46335
46356
46475
46478
46519
46532
46566
46581
46596
46598
46607
46620
46707
46720
46745
46749
46754
46823
46825
46827
46857
46908
46923
46943
46952
46999
47070
47094
47123
47129
47148
47171
47188
47210
47219
47222
47235
47252
47261
47264
47275
47285
47291
47311
47312
47330
47333
47367
47393
47429
47525
47537
47541
47547
47555
47601
47639
47705
47716
47740
47748
47773
47808
47809
47822
47846
47866
47874
47924
47931
47938
47959
47971
47999
48048
48078
48085
48094
48143
48183
48194
48200
48211
48220
48252
48262
48281
48290
48304
48309
48311
48312
48349
48356
48357
48421
48424
48439
48457
48480
48493
48524
48548
48626
